010111111110
11100
00000
110110
011110
1101110
1111110
11110
1111111
010100
11010
1100110
110010
010010
0010
01100
10
00010
00110
1101111
0001100
01101
001110
010101
01110
1100010
1100000
00011110
111110111110
010111110
011111
11101010
1110110
00011101110
110001110
010110
1110100
1111101110
01011100
01000
000111110
00001
000111000
000111001
01011111110
000111111
11111011110
001111
01001110
01011110
1100111
1110111
1111100
0100111110
11111010
0100110
01011101
0001110110
0001101
111010110
010011110
1100001
110001111
111010111
111110110
000111010
11000110
010111111111
00011101111
0101111110
01001111110
01001111111
111110111111
